0 30.0 0.0 0
It is not specified.There are no description.
03-26-2025
10:04:39
-10.1
-8.8
-7.6
-7.25
-7.25
-7.3
-7.25
-7.3
-7.25
-7.25
-7.25
-7.25
-7.25
-7.25
-7.25
-7.25
-7.25
-7.25
-7.25
-7.25
-7.25
-7.25
-7.25
-7.25
-7.25
-7.25
-7.25
-7.25
-7.25
-7.25
-7.25
-7.25
-7.25
-7.25
-7.25
-7.25
-7.25
-7.25
-7.25
-7.25
-7.3
-7.3
-7.4
-7.55
-7.6
-7.6
-8.0
-8.0
-8.0
-8.0
-8.0
-8.45
-8.45
-8.5
-8.8
-8.8
-8.8
-8.8
-8.8
-9.2
-9.65
-9.45
-9.65
-9.65
-9.8
-10.1
-10.35
-10.25
-10.25
-10.4
-10.4
-10.4
-11.05
-11.15
-11.15
-11.2
-11.2
-11.65
-11.65
-12.05
-11.65
-11.7
-12.05
-12.05
-12.4
-12.05
-12.2
-12.2
-12.4
-12.85
-13.65
-12.85
-12.65
-12.85
-12.9
-13.25
-13.65
-13.65
-13.65
-13.65
-13.65
-13.65
-13.65
-13.65
-13.8
-13.8
-13.65
-13.65
-13.65
-13.7
-13.95
-14.35
-14.35
-14.4
-13.8
-13.7
-14.0
-14.4
-14.25
-14.0
-13.8
-13.8
-14.4
-14.25
-14.4
-14.0
-13.8
-13.65
-13.95
-13.95
-13.95
-14.0
-13.65
-13.95
-13.65
-13.65
-13.65
-13.65
-13.65
-13.65
-13.25
-13.65
-13.65
-13.65
-12.85
-13.65
-12.85
-12.4
-12.65
-12.65
-12.4
-12.85
-12.65
-12.35
-12.2
-12.2
-12.05
-12.2
-12.05
-12.05
-12.2
-12.1
-11.65
-11.85
-12.05
-12.05
-12.05
-12.1
-12.4
-11.65
-11.2
-11.65
-12.05
-12.05
-12.05
-12.05
-12.05
-11.7
-12.1
-12.4
-12.85
-13.25
-13.65
-13.65
-13.25
-13.65
-13.65
-14.25
-14.0
-15.2
-14.2
-14.0
-14.85
-14.85
-15.85
-16.85
-17.2
-16.85
-16.85
-17.55
-18.45
-18.6
-18.45
-19.7
-19.85
-20.0
-20.0
-20.0
-20.0
-20.0
-20.0
-20.0
-20.0
-20.0
-20.0
-20.0
-20.0
-19.25
-17.8
-18.45
-18.25
-18.05
-16.85
-15.2
-14.6
-13.95
-13.65
-12.85
-12.85
-12.85
-12.05
-11.2
-10.8
-10.4
-10.05
-9.65
-8.8
-8.45
-8.45
-8.45
-8.0
-7.3
-7.25
-7.25
-7.25
-6.0
-5.8
-7.25
-5.7
-5.25
-5.25
-4.8
-4.75
-4.65
-4.4
-4.65
-4.65
-4.2
-4.2
-4.05
-4.05
-4.05
-4.05
-4.1
-4.2
-4.05
-4.05
-4.05
-4.05
-3.3
-4.05
-4.05
-4.05
-4.05
-4.05
-4.05
-4.05
-4.05
-4.05
-4.05
-4.05
-4.05
-4.05
-4.1
-4.1
-4.2
-4.2
-4.2
-4.4
-4.4
-4.4
-4.4
-4.4
-4.8
-5.25
-5.65
-5.25
-5.25
-5.65
-5.65
-5.65
-5.7
-7.25
-7.25
-7.25
-7.25
-7.25
-7.25
-7.25
-7.25
-7.4
-7.4
-7.85
-8.0
-8.65
-8.5
-8.8
-8.8
-9.15
-9.2
-9.45
-9.65
-10.05
-10.05
-10.25
-10.3
-10.25
-10.35
-10.4
-10.4
-10.4
-10.4
-10.4
-10.4
-10.35
-10.25
-10.1
-10.25
-10.25
-10.25
-10.15
-10.05
-10.05
-9.65
-9.65
-9.2
-9.2
-8.8
-8.8
-8.8
-8.75
-8.65
-8.65
-8.45
-8.45
-8.0
-8.0
-7.85
-7.6
-7.55
03-26-2025
10:04:39
0.0
0.0
0.0
0.0
0.0
0.0
0.0
0.0
0.0
0.0
0.0
0.0
0.0
0.0
0.0
0.0
0.0
0.0
0.0
0.0
0.0
0.0
0.0
0.0
0.0
0.0
0.0
0.0
0.0
0.0
0.0
0.0
0.0
0.0
0.0
0.0
0.0
0.0
0.0
0.0
0.0
0.0
0.0
0.0
0.0
0.0
0.0
0.0
0.0
0.0
0.0
0.0
0.0
0.0
0.0
0.0
0.0
0.0
0.0
0.0
0.0
0.0
0.0
0.0
0.0
0.0
0.0
0.0
0.0
0.0
0.0
0.0
0.0
0.0
0.0
0.0
0.0
0.0
0.0
0.0
0.0
0.0
0.0
0.0
0.0
0.0
0.0
0.0
0.0
0.0
0.0
0.0
0.0
0.0
0.0
0.0
0.0
0.0
0.0
0.0
0.0
0.0
0.0
0.0
0.0
0.0
0.0
0.0
0.0
0.0
0.0
0.0
0.0
0.0
0.0
0.0
0.0
0.0
0.0
0.0
0.0
0.0
0.0
0.0
0.0
0.0
0.0
0.0
0.0
0.0
0.0
0.0
0.0
0.0
0.0
0.0
0.0
0.0
0.0
0.0
0.0
0.0
0.0
0.0
0.0
0.0
0.0
0.0
0.0
0.0
0.0
0.0
0.0
0.0
0.0
0.0
0.0
0.0
0.0
0.0
0.0
0.0
0.0
0.0
0.0
0.0
0.0
0.0
0.0
0.0
0.0
0.0
0.0
0.0
0.0
0.0
0.0
0.0
0.0
0.0
0.0
0.0
0.0
0.0
0.0
0.0
0.0
0.0
0.0
0.0
0.0
0.0
0.0
0.0
0.0
0.0
0.0
0.0
0.0
0.0
0.0
0.0
0.0
0.0
0.0
0.0
0.0
0.0
0.0
0.0
0.0
0.0
0.0
0.0
0.0
0.0
0.0
0.0
0.0
0.0
0.0
0.0
0.0
0.0
0.0
0.0
0.0
0.0
0.0
0.0
0.0
0.0
0.0
0.0
0.0
0.0
0.0
0.0
0.0
0.0
0.0
0.0
0.0
0.0
0.0
0.0
0.0
0.0
0.0
0.0
0.0
0.0
0.0
0.0
0.0
0.0
0.0
0.0
0.0
0.0
0.0
0.0
0.0
0.0
0.0
0.0
0.0
0.0
0.0
0.0
0.0
0.0
0.0
0.0
0.0
0.0
0.0
0.0
0.0
0.0
0.0
0.0
0.0
0.0
0.0
0.0
0.0
0.0
0.0
0.0
0.0
0.0
0.0
0.0
0.0
0.0
0.0
0.0
0.0
0.0
0.0
0.0
0.0
0.0
0.0
0.0
0.0
0.0
0.0
0.0
0.0
0.0
0.0
0.0
0.0
0.0
0.0
0.0
0.0
0.0
0.0
0.0
0.0
0.0
0.0
0.0
0.0
0.0
0.0
0.0
0.0
0.0
0.0
0.0
0.0
0.0
0.0
0.0
0.0
0.0
0.0
0.0
0.0
0.0
0.0
0.0
0.0
0.0
0.0
0.0
0.0
0.0
0.0
0.0
0.0
0.0
0.0
0.0
0.0
0.0
