0 30.0 0.0 0
It is not specified.There are no description.
03-26-2025
10:08:24
-7.9
-8.45
-8.45
-8.45
-7.6
-7.55
-7.25
-7.25
-7.25
-7.25
-5.65
-5.65
-5.25
-5.25
-4.65
-4.8
-4.5
-4.2
-4.2
-4.05
-4.05
-4.05
-4.05
-4.05
-3.65
-3.3
-3.25
-3.25
-3.25
-3.25
-3.25
-3.25
-3.25
-3.05
-3.05
-2.8
-2.8
-2.4
-2.4
-2.4
-2.4
-2.4
-2.4
-2.4
-2.4
-2.75
-2.4
-2.4
-2.4
-2.4
-2.4
-2.4
-2.4
-2.4
-2.4
-2.75
-2.4
-2.8
-2.75
-2.4
-2.4
-2.7
-2.8
-2.4
-2.8
-2.4
-2.8
-2.8
-2.8
-2.8
-2.8
-2.8
-2.8
-2.9
-3.05
-2.8
-2.8
-3.05
-3.25
-3.25
-3.25
-3.25
-3.25
-3.25
-3.25
-3.25
-3.25
-3.3
-3.25
-3.65
-3.65
-3.65
-4.05
-4.05
-4.05
-4.05
-4.05
-4.05
-4.2
-4.1
-4.2
-4.4
-4.4
-4.4
-4.4
-4.8
-4.8
-5.25
-5.25
-5.3
-5.65
-5.65
-5.7
-5.8
-7.25
-7.25
-7.25
-7.25
-7.25
-7.25
-7.25
-7.3
-7.4
-7.7
-8.0
-8.0
-8.65
-8.75
-8.8
-9.15
-9.2
-9.65
-10.05
-10.25
-10.4
-10.4
-10.8
-11.2
-11.65
-11.65
-12.05
-12.2
-12.5
-12.85
-13.65
-13.65
-13.65
-13.7
-14.0
-14.4
-14.85
-15.15
-15.6
-16.1
-16.85
-16.9
-16.05
-17.2
-17.6
-18.05
-18.9
-19.25
-19.65
-20.0
-19.85
-20.0
-20.0
-20.0
-20.0
-20.0
-20.0
-20.0
-20.0
-20.0
-20.0
-20.0
-20.0
-20.0
-20.0
-20.0
-20.0
-20.0
-20.0
-20.0
-19.7
-18.75
-18.05
-17.55
-16.9
-16.45
-16.45
-15.85
-15.55
-15.15
-14.35
-14.25
-13.8
-13.65
-13.65
-13.25
-12.6
-12.4
-12.4
-12.35
-12.05
-12.05
-11.7
-11.65
-11.65
-11.2
-10.8
-11.05
-11.05
-10.4
-10.4
-10.4
-10.35
-10.25
-10.05
-10.05
-10.05
-10.05
-9.65
-9.65
-9.2
-9.15
-8.8
-8.8
-8.8
-8.65
-8.65
-8.45
-8.45
-7.95
-7.85
-7.85
-7.6
-7.3
-7.25
-7.25
-7.25
-7.25
-7.25
-7.25
-7.25
-7.25
-6.0
-5.8
-5.65
-5.65
-5.65
-5.65
-5.25
-5.25
-4.8
-4.8
-4.8
-4.8
-4.8
-4.8
-4.65
-4.4
-4.4
-4.4
-4.5
-4.4
-4.65
-4.4
-4.4
-4.4
-4.4
-4.35
-4.4
-4.4
-4.4
-4.4
-4.4
-4.4
-4.65
-4.8
-4.65
-4.8
-4.8
-4.8
-4.8
-5.25
-5.25
-5.25
-5.25
-5.65
-5.65
-5.7
-5.8
-7.25
-7.25
-7.25
-7.25
-7.25
-7.25
-7.25
-7.25
-7.25
-7.4
-7.85
-8.0
-8.45
-8.65
-8.8
-9.15
-9.65
-10.05
-10.25
-10.4
-10.8
-11.2
-11.65
-12.05
-12.4
-13.25
-13.65
-13.7
-14.1
-14.85
-15.2
-15.85
-15.6
-16.45
-17.0
-17.3
-18.45
-19.25
-19.3
-19.65
-20.0
-20.0
-19.65
-19.85
-20.0
-19.65
-19.25
-19.25
-18.6
-18.45
-17.6
-16.9
-16.45
-15.8
-15.1
-14.4
-14.0
-13.65
-13.65
-12.4
-11.65
-11.15
-10.75
-10.4
-10.05
-9.65
-8.8
03-26-2025
10:08:24
0.0
0.0
0.0
0.0
0.0
0.0
0.0
0.0
0.0
0.0
0.0
0.0
0.0
0.0
0.0
0.0
0.0
0.0
0.0
0.0
0.0
0.0
0.0
0.0
0.0
0.0
0.0
0.0
0.0
0.0
0.0
0.0
0.0
0.0
0.0
0.0
0.0
0.0
0.0
0.0
0.0
0.0
0.0
0.0
0.0
0.0
0.0
0.0
0.0
0.0
0.0
0.0
0.0
0.0
0.0
0.0
0.0
0.0
0.0
0.0
0.0
0.0
0.0
0.0
0.0
0.0
0.0
0.0
0.0
0.0
0.0
0.0
0.0
0.0
0.0
0.0
0.0
0.0
0.0
0.0
0.0
0.0
0.0
0.0
0.0
0.0
0.0
0.0
0.0
0.0
0.0
0.0
0.0
0.0
0.0
0.0
0.0
0.0
0.0
0.0
0.0
0.0
0.0
0.0
0.0
0.0
0.0
0.0
0.0
0.0
0.0
0.0
0.0
0.0
0.0
0.0
0.0
0.0
0.0
0.0
0.0
0.0
0.0
0.0
0.0
0.0
0.0
0.0
0.0
0.0
0.0
0.0
0.0
0.0
0.0
0.0
0.0
0.0
0.0
0.0
0.0
0.0
0.0
0.0
0.0
0.0
0.0
0.0
0.0
0.0
0.0
0.0
0.0
0.0
0.0
0.0
0.0
0.0
0.0
0.0
0.0
0.0
0.0
0.0
0.0
0.0
0.0
0.0
0.0
0.0
0.0
0.0
0.0
0.0
0.0
0.0
0.0
0.0
0.0
0.0
0.0
0.0
0.0
0.0
0.0
0.0
0.0
0.0
0.0
0.0
0.0
0.0
0.0
0.0
0.0
0.0
0.0
0.0
0.0
0.0
0.0
0.0
0.0
0.0
0.0
0.0
0.0
0.0
0.0
0.0
0.0
0.0
0.0
0.0
0.0
0.0
0.0
0.0
0.0
0.0
0.0
0.0
0.0
0.0
0.0
0.0
0.0
0.0
0.0
0.0
0.0
0.0
0.0
0.0
0.0
0.0
0.0
0.0
0.0
0.0
0.0
0.0
0.0
0.0
0.0
0.0
0.0
0.0
0.0
0.0
0.0
0.0
0.0
0.0
0.0
0.0
0.0
0.0
0.0
0.0
0.0
0.0
0.0
0.0
0.0
0.0
0.0
0.0
0.0
0.0
0.0
0.0
0.0
0.0
0.0
0.0
0.0
0.0
0.0
0.0
0.0
0.0
0.0
0.0
0.0
0.0
0.0
0.0
0.0
0.0
0.0
0.0
0.0
0.0
0.0
0.0
0.0
0.0
0.0
0.0
0.0
0.0
0.0
0.0
0.0
0.0
0.0
0.0
0.0
0.0
0.0
0.0
0.0
0.0
0.0
0.0
0.0
0.0
0.0
0.0
0.0
0.0
0.0
0.0
0.0
0.0
0.0
0.0
0.0
0.0
0.0
0.0
0.0
0.0
0.0
0.0
0.0
0.0
0.0
0.0
0.0
0.0
0.0
0.0
0.0
0.0
0.0
0.0
0.0
0.0
0.0
0.0
0.0
0.0
0.0
0.0
0.0
0.0
0.0
0.0
