
farfield (f=0.5)
Theta [deg.]  Phi   [deg.]  Abs(Gain)[      ]   Abs(Theta)[      ]  Phase(Theta)[deg.]  Abs(Phi  )[      ]  Phase(Phi  )[deg.]  Ax.Ratio[      ]    
------------------------------------------------------------------------------------------------------------------------------------------------------
   0.000           0.000            4.838e-03           2.666e-03             155.670           2.172e-03             150.326           2.154e+01     
   1.000           0.000            7.126e-03           4.954e-03             162.826           2.172e-03             150.331           9.941e+00     
   2.000           0.000            1.023e-02           8.057e-03             166.953           2.172e-03             150.347           8.438e+00     
   3.000           0.000            1.414e-02           1.197e-02             169.620           2.172e-03             150.374           8.294e+00     
   4.000           0.000            1.887e-02           1.670e-02             171.486           2.172e-03             150.412           8.597e+00     
   5.000           0.000            2.440e-02           2.223e-02             172.868           2.173e-03             150.460           9.101e+00     
   6.000           0.000            3.074e-02           2.857e-02             173.935           2.173e-03             150.519           9.714e+00     
   7.000           0.000            3.788e-02           3.571e-02             174.789           2.174e-03             150.589           1.039e+01     
   8.000           0.000            4.582e-02           4.364e-02             175.490           2.175e-03             150.669           1.111e+01     
   9.000           0.000            5.454e-02           5.237e-02             176.078           2.175e-03             150.760           1.187e+01     
  10.000           0.000            6.406e-02           6.188e-02             176.582           2.176e-03             150.862           1.264e+01     
  11.000           0.000            7.435e-02           7.218e-02             177.020           2.177e-03             150.974           1.343e+01     
  12.000           0.000            8.542e-02           8.325e-02             177.407           2.178e-03             151.097           1.424e+01     
  13.000           0.000            9.726e-02           9.508e-02             177.752           2.179e-03             151.231           1.507e+01     
  14.000           0.000            1.099e-01           1.077e-01             178.064           2.180e-03             151.375           1.590e+01     
  15.000           0.000            1.232e-01           1.210e-01             178.348           2.182e-03             151.529           1.675e+01     
  16.000           0.000            1.373e-01           1.351e-01             178.609           2.183e-03             151.694           1.760e+01     
  17.000           0.000            1.521e-01           1.499e-01             178.851           2.184e-03             151.869           1.847e+01     
  18.000           0.000            1.677e-01           1.655e-01             179.076           2.186e-03             152.055           1.935e+01     
  19.000           0.000            1.839e-01           1.817e-01             179.288           2.187e-03             152.251           2.024e+01     
  20.000           0.000            2.009e-01           1.987e-01             179.487           2.189e-03             152.458           2.115e+01     
  21.000           0.000            2.185e-01           2.163e-01             179.676           2.191e-03             152.674           2.206e+01     
  22.000           0.000            2.368e-01           2.346e-01             179.857           2.192e-03             152.901           2.299e+01     
  23.000           0.000            2.558e-01           2.536e-01             180.029           2.194e-03             153.137           2.393e+01     
  24.000           0.000            2.754e-01           2.732e-01             180.194           2.196e-03             153.384           2.489e+01     
  25.000           0.000            2.956e-01           2.934e-01             180.352           2.198e-03             153.641           2.586e+01     
  26.000           0.000            3.165e-01           3.143e-01             180.505           2.200e-03             153.907           2.684e+01     
  27.000           0.000            3.379e-01           3.357e-01             180.653           2.202e-03             154.184           2.785e+01     
  28.000           0.000            3.599e-01           3.577e-01             180.796           2.204e-03             154.470           2.887e+01     
  29.000           0.000            3.825e-01           3.803e-01             180.934           2.207e-03             154.766           2.991e+01     
  30.000           0.000            4.056e-01           4.034e-01             181.069           2.209e-03             155.071           3.097e+01     
  31.000           0.000            4.292e-01           4.270e-01             181.200           2.211e-03             155.386           3.205e+01     
  32.000           0.000            4.532e-01           4.510e-01             181.327           2.213e-03             155.711           3.315e+01     
  33.000           0.000            4.778e-01           4.756e-01             181.451           2.216e-03             156.044           3.428e+01     
  34.000           0.000            5.028e-01           5.006e-01             181.572           2.218e-03             156.387           3.543e+01     
  35.000           0.000            5.282e-01           5.259e-01             181.690           2.221e-03             156.739           3.661e+01     
  36.000           0.000            5.539e-01           5.517e-01             181.805           2.223e-03             157.100           3.782e+01     
  37.000           0.000            5.801e-01           5.778e-01             181.917           2.225e-03             157.470           3.906e+01     
  38.000           0.000            6.065e-01           6.043e-01             182.027           2.228e-03             157.849           4.033e+01     
  39.000           0.000            6.333e-01           6.311e-01             182.134           2.231e-03             158.237           4.164e+01     
  40.000           0.000            6.603e-01           6.581e-01             182.238           2.233e-03             158.633           4.299e+01     
  41.000           0.000            6.876e-01           6.853e-01             182.339           2.236e-03             159.038           4.438e+01     
  42.000           0.000            7.150e-01           7.128e-01             182.438           2.238e-03             159.451           4.582e+01     
  43.000           0.000            7.427e-01           7.404e-01             182.535           2.241e-03             159.872           4.730e+01     
  44.000           0.000            7.705e-01           7.682e-01             182.629           2.243e-03             160.302           4.883e+01     
  45.000           0.000            7.983e-01           7.961e-01             182.720           2.246e-03             160.739           5.042e+01     
  46.000           0.000            8.263e-01           8.240e-01             182.809           2.249e-03             161.185           5.207e+01     
  47.000           0.000            8.543e-01           8.520e-01             182.896           2.251e-03             161.638           5.378e+01     
  48.000           0.000            8.823e-01           8.800e-01             182.979           2.254e-03             162.099           5.556e+01     
  49.000           0.000            9.102e-01           9.079e-01             183.061           2.257e-03             162.567           5.742e+01     
  50.000           0.000            9.381e-01           9.358e-01             183.140           2.259e-03             163.043           5.936e+01     
  51.000           0.000            9.658e-01           9.636e-01             183.216           2.262e-03             163.526           6.139e+01     
  52.000           0.000            9.934e-01           9.912e-01             183.290           2.264e-03             164.016           6.351e+01     
  53.000           0.000            1.021e+00           1.019e+00             183.362           2.267e-03             164.513           6.574e+01     
  54.000           0.000            1.048e+00           1.046e+00             183.431           2.269e-03             165.016           6.809e+01     
  55.000           0.000            1.075e+00           1.073e+00             183.497           2.272e-03             165.527           7.057e+01     
  56.000           0.000            1.102e+00           1.099e+00             183.561           2.274e-03             166.043           7.318e+01     
  57.000           0.000            1.128e+00           1.126e+00             183.622           2.277e-03             166.567           7.595e+01     
  58.000           0.000            1.154e+00           1.151e+00             183.681           2.279e-03             167.096           7.889e+01     
  59.000           0.000            1.179e+00           1.177e+00             183.737           2.281e-03             167.631           8.202e+01     
  60.000           0.000            1.204e+00           1.202e+00             183.791           2.284e-03             168.172           8.536e+01     
  61.000           0.000            1.229e+00           1.226e+00             183.843           2.286e-03             168.719           8.894e+01     
  62.000           0.000            1.253e+00           1.250e+00             183.892           2.288e-03             169.272           9.278e+01     
  63.000           0.000            1.276e+00           1.274e+00             183.938           2.290e-03             169.829           9.692e+01     
  64.000           0.000            1.299e+00           1.297e+00             183.982           2.292e-03             170.392           1.000e+02     
  65.000           0.000            1.321e+00           1.319e+00             184.024           2.294e-03             170.960           1.000e+02     
  66.000           0.000            1.343e+00           1.340e+00             184.063           2.296e-03             171.533           1.000e+02     
  67.000           0.000            1.364e+00           1.361e+00             184.100           2.298e-03             172.110           1.000e+02     
  68.000           0.000            1.384e+00           1.381e+00             184.134           2.300e-03             172.692           1.000e+02     
  69.000           0.000            1.403e+00           1.401e+00             184.166           2.302e-03             173.278           1.000e+02     
  70.000           0.000            1.421e+00           1.419e+00             184.196           2.303e-03             173.868           1.000e+02     
  71.000           0.000            1.439e+00           1.437e+00             184.224           2.305e-03             174.462           1.000e+02     
  72.000           0.000            1.456e+00           1.454e+00             184.249           2.306e-03             175.060           1.000e+02     
  73.000           0.000            1.472e+00           1.470e+00             184.273           2.308e-03             175.661           1.000e+02     
  74.000           0.000            1.487e+00           1.485e+00             184.294           2.309e-03             176.266           1.000e+02     
  75.000           0.000            1.501e+00           1.499e+00             184.313           2.311e-03             176.874           1.000e+02     
  76.000           0.000            1.514e+00           1.512e+00             184.330           2.312e-03             177.485           1.000e+02     
  77.000           0.000            1.527e+00           1.524e+00             184.345           2.313e-03             178.099           1.000e+02     
  78.000           0.000            1.538e+00           1.535e+00             184.358           2.314e-03             178.715           1.000e+02     
  79.000           0.000            1.548e+00           1.546e+00             184.370           2.315e-03             179.334           1.000e+02     
  80.000           0.000            1.557e+00           1.555e+00             184.379           2.316e-03             179.955           1.000e+02     
  81.000           0.000            1.565e+00           1.563e+00             184.387           2.316e-03             180.579           1.000e+02     
  82.000           0.000            1.572e+00           1.570e+00             184.393           2.317e-03             181.204           1.000e+02     
  83.000           0.000            1.578e+00           1.576e+00             184.398           2.318e-03             181.830           1.000e+02     
  84.000           0.000            1.583e+00           1.581e+00             184.401           2.318e-03             182.458           1.000e+02     
  85.000           0.000            1.587e+00           1.585e+00             184.402           2.319e-03             183.088           1.000e+02     
  86.000           0.000            1.590e+00           1.588e+00             184.402           2.319e-03             183.718           1.000e+02     
  87.000           0.000            1.592e+00           1.589e+00             184.401           2.319e-03             184.349           1.000e+02     
  88.000           0.000            1.592e+00           1.590e+00             184.398           2.319e-03             184.982           1.000e+02     
  89.000           0.000            1.592e+00           1.589e+00             184.394           2.319e-03             185.614           1.000e+02     
  90.000           0.000            1.590e+00           1.588e+00             184.390           2.319e-03             186.246           1.000e+02     
  91.000           0.000            1.587e+00           1.585e+00             184.384           2.319e-03             186.879           1.000e+02     
  92.000           0.000            1.584e+00           1.581e+00             184.377           2.318e-03             187.512           1.000e+02     
  93.000           0.000            1.579e+00           1.576e+00             184.369           2.318e-03             188.144           1.000e+02     
  94.000           0.000            1.573e+00           1.570e+00             184.360           2.318e-03             188.776           1.000e+02     
  95.000           0.000            1.566e+00           1.563e+00             184.350           2.317e-03             189.407           1.000e+02     
  96.000           0.000            1.558e+00           1.555e+00             184.340           2.316e-03             190.038           1.000e+02     
  97.000           0.000            1.549e+00           1.546e+00             184.328           2.315e-03             190.667           1.000e+02     
  98.000           0.000            1.539e+00           1.536e+00             184.317           2.315e-03             191.295           1.000e+02     
  99.000           0.000            1.528e+00           1.525e+00             184.304           2.314e-03             191.922           1.000e+02     
 100.000           0.000            1.515e+00           1.513e+00             184.291           2.313e-03             192.547           1.000e+02     
 101.000           0.000            1.502e+00           1.500e+00             184.278           2.311e-03             193.170           1.000e+02     
 102.000           0.000            1.488e+00           1.486e+00             184.264           2.310e-03             193.791           1.000e+02     
 103.000           0.000            1.474e+00           1.471e+00             184.250           2.309e-03             194.409           1.000e+02     
 104.000           0.000            1.458e+00           1.455e+00             184.235           2.308e-03             195.026           1.000e+02     
 105.000           0.000            1.441e+00           1.439e+00             184.220           2.306e-03             195.639           1.000e+02     
 106.000           0.000            1.424e+00           1.421e+00             184.205           2.304e-03             196.250           1.000e+02     
 107.000           0.000            1.405e+00           1.403e+00             184.190           2.303e-03             196.858           1.000e+02     
 108.000           0.000            1.386e+00           1.384e+00             184.175           2.301e-03             197.463           1.000e+02     
 109.000           0.000            1.366e+00           1.364e+00             184.159           2.299e-03             198.064           1.000e+02     
 110.000           0.000            1.346e+00           1.344e+00             184.143           2.298e-03             198.661           9.662e+01     
 111.000           0.000            1.325e+00           1.322e+00             184.127           2.296e-03             199.255           9.211e+01     
 112.000           0.000            1.303e+00           1.300e+00             184.112           2.294e-03             199.845           8.795e+01     
 113.000           0.000            1.280e+00           1.278e+00             184.095           2.292e-03             200.431           8.409e+01     
 114.000           0.000            1.257e+00           1.255e+00             184.079           2.290e-03             201.012           8.051e+01     
 115.000           0.000            1.233e+00           1.231e+00             184.063           2.287e-03             201.589           7.716e+01     
 116.000           0.000            1.209e+00           1.207e+00             184.047           2.285e-03             202.162           7.403e+01     
 117.000           0.000            1.184e+00           1.182e+00             184.030           2.283e-03             202.729           7.109e+01     
 118.000           0.000            1.159e+00           1.157e+00             184.014           2.281e-03             203.292           6.833e+01     
 119.000           0.000            1.133e+00           1.131e+00             183.997           2.278e-03             203.849           6.573e+01     
 120.000           0.000            1.107e+00           1.105e+00             183.980           2.276e-03             204.401           6.327e+01     
 121.000           0.000            1.081e+00           1.079e+00             183.963           2.273e-03             204.947           6.094e+01     
 122.000           0.000            1.054e+00           1.052e+00             183.945           2.271e-03             205.487           5.873e+01     
 123.000           0.000            1.027e+00           1.025e+00             183.927           2.269e-03             206.022           5.662e+01     
 124.000           0.000            1.000e+00           9.980e-01             183.909           2.266e-03             206.551           5.462e+01     
 125.000           0.000            9.728e-01           9.706e-01             183.890           2.264e-03             207.073           5.270e+01     
 126.000           0.000            9.453e-01           9.431e-01             183.870           2.261e-03             207.589           5.087e+01     
 127.000           0.000            9.177e-01           9.154e-01             183.850           2.258e-03             208.098           4.912e+01     
 128.000           0.000            8.899e-01           8.876e-01             183.829           2.256e-03             208.601           4.744e+01     
 129.000           0.000            8.621e-01           8.598e-01             183.808           2.253e-03             209.097           4.583e+01     
 130.000           0.000            8.343e-01           8.320e-01             183.785           2.251e-03             209.586           4.427e+01     
 131.000           0.000            8.065e-01           8.042e-01             183.761           2.248e-03             210.068           4.277e+01     
 132.000           0.000            7.787e-01           7.764e-01             183.735           2.245e-03             210.542           4.133e+01     
 133.000           0.000            7.510e-01           7.488e-01             183.709           2.243e-03             211.009           3.993e+01     
 134.000           0.000            7.234e-01           7.212e-01             183.680           2.240e-03             211.469           3.858e+01     
 135.000           0.000            6.960e-01           6.938e-01             183.650           2.237e-03             211.920           3.727e+01     
 136.000           0.000            6.688e-01           6.666e-01             183.618           2.235e-03             212.364           3.600e+01     
 137.000           0.000            6.418e-01           6.395e-01             183.583           2.232e-03             212.800           3.477e+01     
 138.000           0.000            6.150e-01           6.128e-01             183.546           2.230e-03             213.228           3.357e+01     
 139.000           0.000            5.885e-01           5.863e-01             183.506           2.227e-03             213.647           3.240e+01     
 140.000           0.000            5.623e-01           5.601e-01             183.463           2.225e-03             214.058           3.127e+01     
 141.000           0.000            5.364e-01           5.342e-01             183.417           2.222e-03             214.460           3.016e+01     
 142.000           0.000            5.109e-01           5.087e-01             183.367           2.220e-03             214.854           2.908e+01     
 143.000           0.000            4.858e-01           4.836e-01             183.313           2.217e-03             215.239           2.802e+01     
 144.000           0.000            4.611e-01           4.589e-01             183.254           2.215e-03             215.615           2.699e+01     
 145.000           0.000            4.368e-01           4.346e-01             183.190           2.212e-03             215.983           2.597e+01     
 146.000           0.000            4.130e-01           4.108e-01             183.121           2.210e-03             216.341           2.498e+01     
 147.000           0.000            3.897e-01           3.875e-01             183.045           2.208e-03             216.690           2.401e+01     
 148.000           0.000            3.669e-01           3.647e-01             182.963           2.205e-03             217.029           2.305e+01     
 149.000           0.000            3.447e-01           3.425e-01             182.873           2.203e-03             217.359           2.212e+01     
 150.000           0.000            3.230e-01           3.208e-01             182.775           2.201e-03             217.680           2.119e+01     
 151.000           0.000            3.019e-01           2.997e-01             182.667           2.199e-03             217.991           2.029e+01     
 152.000           0.000            2.813e-01           2.791e-01             182.550           2.197e-03             218.292           1.940e+01     
 153.000           0.000            2.614e-01           2.592e-01             182.420           2.195e-03             218.584           1.852e+01     
 154.000           0.000            2.421e-01           2.399e-01             182.278           2.193e-03             218.866           1.765e+01     
 155.000           0.000            2.235e-01           2.213e-01             182.122           2.191e-03             219.138           1.680e+01     
 156.000           0.000            2.055e-01           2.033e-01             181.949           2.189e-03             219.399           1.596e+01     
 157.000           0.000            1.882e-01           1.860e-01             181.757           2.187e-03             219.651           1.513e+01     
 158.000           0.000            1.716e-01           1.695e-01             181.544           2.186e-03             219.892           1.431e+01     
 159.000           0.000            1.558e-01           1.536e-01             181.307           2.184e-03             220.124           1.349e+01     
 160.000           0.000            1.406e-01           1.384e-01             181.041           2.182e-03             220.345           1.269e+01     
 161.000           0.000            1.262e-01           1.240e-01             180.743           2.181e-03             220.555           1.190e+01     
 162.000           0.000            1.126e-01           1.104e-01             180.405           2.179e-03             220.755           1.112e+01     
 163.000           0.000            9.967e-02           9.749e-02             180.021           2.178e-03             220.945           1.035e+01     
 164.000           0.000            8.755e-02           8.537e-02             179.582           2.177e-03             221.124           9.580e+00     
 165.000           0.000            7.621e-02           7.403e-02             179.075           2.175e-03             221.293           8.823e+00     
 166.000           0.000            6.566e-02           6.348e-02             178.484           2.174e-03             221.450           8.076e+00     
 167.000           0.000            5.591e-02           5.374e-02             177.788           2.173e-03             221.598           7.337e+00     
 168.000           0.000            4.697e-02           4.480e-02             176.957           2.172e-03             221.734           6.609e+00     
 169.000           0.000            3.885e-02           3.667e-02             175.949           2.171e-03             221.860           5.891e+00     
 170.000           0.000            3.154e-02           2.937e-02             174.703           2.170e-03             221.975           5.185e+00     
 171.000           0.000            2.507e-02           2.290e-02             173.124           2.170e-03             222.079           4.494e+00     
 172.000           0.000            1.943e-02           1.727e-02             171.064           2.169e-03             222.172           3.819e+00     
 173.000           0.000            1.464e-02           1.247e-02             168.271           2.168e-03             222.254           3.164e+00     
 174.000           0.000            1.068e-02           8.514e-03             164.293           2.168e-03             222.326           2.537e+00     
 175.000           0.000            7.574e-03           5.407e-03             158.249           2.167e-03             222.386           1.945e+00     
 176.000           0.000            5.317e-03           3.150e-03             148.284           2.167e-03             222.436           1.402e+00     
 177.000           0.000            3.912e-03           1.746e-03             130.560           2.167e-03             222.474           1.120e+00     
 178.000           0.000            3.363e-03           1.197e-03             100.968           2.166e-03             222.502           1.933e+00     
 179.000           0.000            3.671e-03           1.504e-03              68.815           2.166e-03             222.518           4.360e+00     
 180.000           0.000            4.835e-03           2.669e-03              47.913           2.166e-03             222.524           2.137e+01     
 179.000         180.000            6.857e-03           4.691e-03             216.239           2.166e-03              42.519           1.962e+01     
 178.000         180.000            9.736e-03           7.570e-03             209.322           2.166e-03              42.502           1.045e+01     
 177.000         180.000            1.347e-02           1.130e-02             204.858           2.166e-03              42.475           8.881e+00     
 176.000         180.000            1.806e-02           1.589e-02             201.765           2.167e-03              42.437           8.602e+00     
 175.000         180.000            2.350e-02           2.134e-02             199.501           2.167e-03              42.388           8.774e+00     
 174.000         180.000            2.979e-02           2.763e-02             197.773           2.168e-03              42.327           9.156e+00     
 173.000         180.000            3.693e-02           3.476e-02             196.408           2.168e-03              42.256           9.653e+00     
 172.000         180.000            4.491e-02           4.274e-02             195.300           2.169e-03              42.174           1.022e+01     
 171.000         180.000            5.372e-02           5.155e-02             194.380           2.169e-03              42.081           1.084e+01     
 170.000         180.000            6.337e-02           6.120e-02             193.602           2.170e-03              41.978           1.148e+01     
 169.000         180.000            7.384e-02           7.167e-02             192.932           2.171e-03              41.863           1.215e+01     
 168.000         180.000            8.513e-02           8.296e-02             192.349           2.172e-03              41.738           1.285e+01     
 167.000         180.000            9.723e-02           9.505e-02             191.833           2.173e-03              41.601           1.355e+01     
 166.000         180.000            1.101e-01           1.080e-01             191.373           2.174e-03              41.454           1.427e+01     
 165.000         180.000            1.238e-01           1.216e-01             190.958           2.175e-03              41.297           1.500e+01     
 164.000         180.000            1.383e-01           1.361e-01             190.581           2.176e-03              41.129           1.575e+01     
 163.000         180.000            1.535e-01           1.514e-01             190.235           2.178e-03              40.950           1.650e+01     
 162.000         180.000            1.695e-01           1.674e-01             189.916           2.179e-03              40.760           1.726e+01     
 161.000         180.000            1.863e-01           1.841e-01             189.620           2.181e-03              40.561           1.803e+01     
 160.000         180.000            2.038e-01           2.016e-01             189.344           2.182e-03              40.350           1.881e+01     
 159.000         180.000            2.220e-01           2.198e-01             189.084           2.184e-03              40.130           1.960e+01     
 158.000         180.000            2.409e-01           2.387e-01             188.839           2.185e-03              39.899           2.039e+01     
 157.000         180.000            2.605e-01           2.583e-01             188.607           2.187e-03              39.657           2.120e+01     
 156.000         180.000            2.807e-01           2.786e-01             188.387           2.189e-03              39.406           2.202e+01     
 155.000         180.000            3.017e-01           2.995e-01             188.177           2.191e-03              39.144           2.285e+01     
 154.000         180.000            3.232e-01           3.210e-01             187.976           2.193e-03              38.873           2.368e+01     
 153.000         180.000            3.454e-01           3.432e-01             187.783           2.194e-03              38.591           2.453e+01     
 152.000         180.000            3.681e-01           3.659e-01             187.597           2.196e-03              38.300           2.539e+01     
 151.000         180.000            3.914e-01           3.892e-01             187.418           2.199e-03              37.999           2.626e+01     
 150.000         180.000            4.153e-01           4.131e-01             187.245           2.201e-03              37.688           2.715e+01     
 149.000         180.000            4.397e-01           4.375e-01             187.078           2.203e-03              37.368           2.805e+01     
 148.000         180.000            4.646e-01           4.624e-01             186.917           2.205e-03              37.038           2.896e+01     
 147.000         180.000            4.899e-01           4.877e-01             186.760           2.207e-03              36.698           2.989e+01     
 146.000         180.000            5.157e-01           5.135e-01             186.607           2.210e-03              36.350           3.083e+01     
 145.000         180.000            5.419e-01           5.397e-01             186.459           2.212e-03              35.992           3.179e+01     
 144.000         180.000            5.685e-01           5.663e-01             186.315           2.214e-03              35.625           3.277e+01     
 143.000         180.000            5.955e-01           5.932e-01             186.175           2.217e-03              35.249           3.376e+01     
 142.000         180.000            6.227e-01           6.205e-01             186.039           2.219e-03              34.864           3.478e+01     
 141.000         180.000            6.503e-01           6.481e-01             185.906           2.222e-03              34.471           3.581e+01     
 140.000         180.000            6.781e-01           6.759e-01             185.776           2.224e-03              34.068           3.687e+01     
 139.000         180.000            7.062e-01           7.040e-01             185.650           2.227e-03              33.657           3.796e+01     
 138.000         180.000            7.344e-01           7.322e-01             185.527           2.229e-03              33.238           3.907e+01     
 137.000         180.000            7.628e-01           7.606e-01             185.408           2.232e-03              32.811           4.020e+01     
 136.000         180.000            7.914e-01           7.891e-01             185.291           2.234e-03              32.375           4.137e+01     
 135.000         180.000            8.200e-01           8.178e-01             185.177           2.237e-03              31.932           4.256e+01     
 134.000         180.000            8.487e-01           8.464e-01             185.067           2.240e-03              31.480           4.379e+01     
 133.000         180.000            8.773e-01           8.751e-01             184.959           2.242e-03              31.021           4.506e+01     
 132.000         180.000            9.060e-01           9.037e-01             184.854           2.245e-03              30.554           4.636e+01     
 131.000         180.000            9.345e-01           9.323e-01             184.752           2.248e-03              30.080           4.770e+01     
 130.000         180.000            9.630e-01           9.608e-01             184.653           2.250e-03              29.598           4.909e+01     
 129.000         180.000            9.913e-01           9.891e-01             184.557           2.253e-03              29.110           5.052e+01     
 128.000         180.000            1.019e+00           1.017e+00             184.464           2.255e-03              28.614           5.200e+01     
 127.000         180.000            1.047e+00           1.045e+00             184.373           2.258e-03              28.111           5.354e+01     
 126.000         180.000            1.075e+00           1.073e+00             184.285           2.261e-03              27.602           5.513e+01     
 125.000         180.000            1.102e+00           1.100e+00             184.200           2.263e-03              27.086           5.679e+01     
 124.000         180.000            1.129e+00           1.127e+00             184.118           2.266e-03              26.564           5.852e+01     
 123.000         180.000            1.156e+00           1.154e+00             184.038           2.268e-03              26.035           6.032e+01     
 122.000         180.000            1.182e+00           1.180e+00             183.961           2.271e-03              25.501           6.219e+01     
 121.000         180.000            1.208e+00           1.206e+00             183.887           2.273e-03              24.960           6.416e+01     
 120.000         180.000            1.233e+00           1.231e+00             183.815           2.276e-03              24.414           6.621e+01     
 119.000         180.000            1.258e+00           1.256e+00             183.746           2.278e-03              23.863           6.837e+01     
 118.000         180.000            1.282e+00           1.280e+00             183.680           2.280e-03              23.306           7.065e+01     
 117.000         180.000            1.306e+00           1.303e+00             183.616           2.283e-03              22.743           7.304e+01     
 116.000         180.000            1.329e+00           1.326e+00             183.555           2.285e-03              22.176           7.557e+01     
 115.000         180.000            1.351e+00           1.348e+00             183.496           2.287e-03              21.604           7.824e+01     
 114.000         180.000            1.372e+00           1.370e+00             183.440           2.289e-03              21.027           8.108e+01     
 113.000         180.000            1.393e+00           1.391e+00             183.387           2.291e-03              20.445           8.410e+01     
 112.000         180.000            1.413e+00           1.411e+00             183.336           2.294e-03              19.860           8.732e+01     
 111.000         180.000            1.432e+00           1.430e+00             183.287           2.295e-03              19.270           9.077e+01     
 110.000         180.000            1.450e+00           1.448e+00             183.241           2.297e-03              18.676           9.446e+01     
 109.000         180.000            1.468e+00           1.465e+00             183.197           2.299e-03              18.079           9.844e+01     
 108.000         180.000            1.484e+00           1.482e+00             183.155           2.301e-03              17.477           1.000e+02     
 107.000         180.000            1.500e+00           1.497e+00             183.116           2.303e-03              16.873           1.000e+02     
 106.000         180.000            1.514e+00           1.512e+00             183.079           2.304e-03              16.265           1.000e+02     
 105.000         180.000            1.528e+00           1.526e+00             183.044           2.306e-03              15.654           1.000e+02     
 104.000         180.000            1.541e+00           1.538e+00             183.011           2.308e-03              15.041           1.000e+02     
 103.000         180.000            1.552e+00           1.550e+00             182.980           2.309e-03              14.424           1.000e+02     
 102.000         180.000            1.563e+00           1.560e+00             182.951           2.310e-03              13.806           1.000e+02     
 101.000         180.000            1.572e+00           1.570e+00             182.924           2.311e-03              13.185           1.000e+02     
 100.000         180.000            1.581e+00           1.578e+00             182.899           2.313e-03              12.562           1.000e+02     
  99.000         180.000            1.588e+00           1.586e+00             182.876           2.314e-03              11.937           1.000e+02     
  98.000         180.000            1.594e+00           1.592e+00             182.855           2.315e-03              11.310           1.000e+02     
  97.000         180.000            1.599e+00           1.597e+00             182.835           2.316e-03              10.682           1.000e+02     
  96.000         180.000            1.603e+00           1.601e+00             182.817           2.316e-03              10.053           1.000e+02     
  95.000         180.000            1.606e+00           1.604e+00             182.801           2.317e-03               9.423           1.000e+02     
  94.000         180.000            1.608e+00           1.606e+00             182.786           2.318e-03               8.791           1.000e+02     
  93.000         180.000            1.609e+00           1.606e+00             182.772           2.318e-03               8.159           1.000e+02     
  92.000         180.000            1.608e+00           1.606e+00             182.760           2.319e-03               7.527           1.000e+02     
  91.000         180.000            1.607e+00           1.604e+00             182.749           2.319e-03               6.894           1.000e+02     
  90.000         180.000            1.604e+00           1.602e+00             182.740           2.319e-03               6.261           1.000e+02     
  89.000         180.000            1.600e+00           1.598e+00             182.731           2.319e-03               5.629           1.000e+02     
  88.000         180.000            1.595e+00           1.593e+00             182.724           2.319e-03               4.996           1.000e+02     
  87.000         180.000            1.589e+00           1.587e+00             182.717           2.319e-03               4.364           1.000e+02     
  86.000         180.000            1.582e+00           1.580e+00             182.712           2.319e-03               3.733           1.000e+02     
  85.000         180.000            1.574e+00           1.572e+00             182.708           2.319e-03               3.102           1.000e+02     
  84.000         180.000            1.565e+00           1.562e+00             182.704           2.319e-03               2.473           1.000e+02     
  83.000         180.000            1.554e+00           1.552e+00             182.701           2.318e-03               1.845           1.000e+02     
  82.000         180.000            1.543e+00           1.541e+00             182.699           2.318e-03               1.218           1.000e+02     
  81.000         180.000            1.531e+00           1.528e+00             182.698           2.317e-03               0.593           1.000e+02     
  80.000         180.000            1.517e+00           1.515e+00             182.697           2.316e-03             359.970           1.000e+02     
  79.000         180.000            1.503e+00           1.501e+00             182.697           2.315e-03             359.349           1.000e+02     
  78.000         180.000            1.488e+00           1.486e+00             182.697           2.314e-03             358.730           1.000e+02     
  77.000         180.000            1.472e+00           1.469e+00             182.698           2.313e-03             358.113           1.000e+02     
  76.000         180.000            1.455e+00           1.452e+00             182.699           2.312e-03             357.499           1.000e+02     
  75.000         180.000            1.437e+00           1.435e+00             182.701           2.311e-03             356.888           1.000e+02     
  74.000         180.000            1.418e+00           1.416e+00             182.702           2.310e-03             356.280           1.000e+02     
  73.000         180.000            1.399e+00           1.396e+00             182.704           2.308e-03             355.675           1.000e+02     
  72.000         180.000            1.378e+00           1.376e+00             182.707           2.307e-03             355.074           1.000e+02     
  71.000         180.000            1.357e+00           1.355e+00             182.709           2.306e-03             354.476           1.000e+02     
  70.000         180.000            1.336e+00           1.333e+00             182.712           2.304e-03             353.881           1.000e+02     
  69.000         180.000            1.313e+00           1.311e+00             182.715           2.302e-03             353.291           1.000e+02     
  68.000         180.000            1.290e+00           1.288e+00             182.718           2.301e-03             352.705           1.000e+02     
  67.000         180.000            1.266e+00           1.264e+00             182.721           2.299e-03             352.123           1.000e+02     
  66.000         180.000            1.242e+00           1.240e+00             182.724           2.297e-03             351.545           1.000e+02     
  65.000         180.000            1.218e+00           1.215e+00             182.727           2.295e-03             350.973           1.000e+02     
  64.000         180.000            1.192e+00           1.190e+00             182.730           2.293e-03             350.405           1.000e+02     
  63.000         180.000            1.167e+00           1.164e+00             182.734           2.291e-03             349.842           1.000e+02     
  62.000         180.000            1.141e+00           1.138e+00             182.737           2.289e-03             349.284           9.604e+01     
  61.000         180.000            1.114e+00           1.112e+00             182.741           2.287e-03             348.731           9.127e+01     
  60.000         180.000            1.087e+00           1.085e+00             182.745           2.284e-03             348.184           8.687e+01     
  59.000         180.000            1.060e+00           1.058e+00             182.749           2.282e-03             347.643           8.279e+01     
  58.000         180.000            1.033e+00           1.031e+00             182.753           2.280e-03             347.107           7.901e+01     
  57.000         180.000            1.005e+00           1.003e+00             182.758           2.277e-03             346.578           7.548e+01     
  56.000         180.000            9.776e-01           9.754e-01             182.762           2.275e-03             346.055           7.218e+01     
  55.000         180.000            9.497e-01           9.475e-01             182.767           2.272e-03             345.538           6.909e+01     
  54.000         180.000            9.217e-01           9.195e-01             182.773           2.270e-03             345.027           6.618e+01     
  53.000         180.000            8.936e-01           8.914e-01             182.779           2.268e-03             344.523           6.344e+01     
  52.000         180.000            8.655e-01           8.632e-01             182.786           2.265e-03             344.026           6.085e+01     
  51.000         180.000            8.374e-01           8.351e-01             182.793           2.262e-03             343.536           5.840e+01     
  50.000         180.000            8.093e-01           8.070e-01             182.801           2.260e-03             343.053           5.607e+01     
  49.000         180.000            7.813e-01           7.790e-01             182.809           2.257e-03             342.577           5.385e+01     
  48.000         180.000            7.533e-01           7.511e-01             182.819           2.255e-03             342.109           5.175e+01     
  47.000         180.000            7.256e-01           7.233e-01             182.830           2.252e-03             341.647           4.973e+01     
  46.000         180.000            6.980e-01           6.957e-01             182.842           2.249e-03             341.194           4.781e+01     
  45.000         180.000            6.706e-01           6.683e-01             182.855           2.247e-03             340.748           4.596e+01     
  44.000         180.000            6.434e-01           6.411e-01             182.870           2.244e-03             340.311           4.419e+01     
  43.000         180.000            6.165e-01           6.142e-01             182.886           2.242e-03             339.881           4.249e+01     
  42.000         180.000            5.899e-01           5.876e-01             182.904           2.239e-03             339.459           4.085e+01     
  41.000         180.000            5.636e-01           5.614e-01             182.925           2.236e-03             339.046           3.927e+01     
  40.000         180.000            5.377e-01           5.354e-01             182.947           2.234e-03             338.641           3.774e+01     
  39.000         180.000            5.121e-01           5.099e-01             182.972           2.231e-03             338.245           3.627e+01     
  38.000         180.000            4.870e-01           4.847e-01             183.000           2.229e-03             337.857           3.484e+01     
  37.000         180.000            4.623e-01           4.600e-01             183.031           2.226e-03             337.478           3.346e+01     
  36.000         180.000            4.380e-01           4.358e-01             183.066           2.224e-03             337.108           3.211e+01     
  35.000         180.000            4.142e-01           4.120e-01             183.104           2.221e-03             336.746           3.081e+01     
  34.000         180.000            3.910e-01           3.887e-01             183.146           2.219e-03             336.394           2.954e+01     
  33.000         180.000            3.682e-01           3.660e-01             183.192           2.216e-03             336.051           2.830e+01     
  32.000         180.000            3.460e-01           3.438e-01             183.244           2.214e-03             335.717           2.710e+01     
  31.000         180.000            3.244e-01           3.222e-01             183.301           2.212e-03             335.393           2.592e+01     
  30.000         180.000            3.033e-01           3.011e-01             183.364           2.209e-03             335.078           2.478e+01     
  29.000         180.000            2.829e-01           2.807e-01             183.434           2.207e-03             334.772           2.365e+01     
  28.000         180.000            2.630e-01           2.608e-01             183.512           2.205e-03             334.476           2.255e+01     
  27.000         180.000            2.439e-01           2.417e-01             183.598           2.203e-03             334.189           2.148e+01     
  26.000         180.000            2.253e-01           2.231e-01             183.693           2.201e-03             333.913           2.042e+01     
  25.000         180.000            2.074e-01           2.052e-01             183.799           2.199e-03             333.646           1.939e+01     
  24.000         180.000            1.902e-01           1.880e-01             183.917           2.197e-03             333.389           1.837e+01     
  23.000         180.000            1.737e-01           1.715e-01             184.049           2.195e-03             333.142           1.737e+01     
  22.000         180.000            1.579e-01           1.557e-01             184.196           2.193e-03             332.905           1.639e+01     
  21.000         180.000            1.428e-01           1.407e-01             184.361           2.191e-03             332.678           1.543e+01     
  20.000         180.000            1.285e-01           1.263e-01             184.547           2.189e-03             332.462           1.448e+01     
  19.000         180.000            1.149e-01           1.127e-01             184.757           2.188e-03             332.255           1.354e+01     
  18.000         180.000            1.020e-01           9.981e-02             184.996           2.186e-03             332.059           1.262e+01     
  17.000         180.000            8.988e-02           8.769e-02             185.269           2.185e-03             331.873           1.171e+01     
  16.000         180.000            7.852e-02           7.634e-02             185.583           2.183e-03             331.697           1.082e+01     
  15.000         180.000            6.794e-02           6.575e-02             185.948           2.182e-03             331.532           9.934e+00     
  14.000         180.000            5.813e-02           5.595e-02             186.375           2.181e-03             331.378           9.065e+00     
  13.000         180.000            4.910e-02           4.692e-02             186.883           2.179e-03             331.233           8.209e+00     
  12.000         180.000            4.086e-02           3.868e-02             187.495           2.178e-03             331.100           7.366e+00     
  11.000         180.000            3.342e-02           3.124e-02             188.246           2.177e-03             330.977           6.538e+00     
  10.000         180.000            2.677e-02           2.460e-02             189.187           2.176e-03             330.864           5.726e+00     
   9.000         180.000            2.093e-02           1.875e-02             190.401           2.176e-03             330.762           4.933e+00     
   8.000         180.000            1.589e-02           1.371e-02             192.026           2.175e-03             330.671           4.163e+00     
   7.000         180.000            1.166e-02           9.485e-03             194.306           2.174e-03             330.590           3.423e+00     
   6.000         180.000            8.240e-03           6.067e-03             197.730           2.174e-03             330.520           2.725e+00     
   5.000         180.000            5.634e-03           3.461e-03             203.394           2.173e-03             330.461           2.098e+00     
   4.000         180.000            3.843e-03           1.670e-03             214.219           2.173e-03             330.413           1.637e+00     
   3.000         180.000            2.867e-03           6.948e-04             238.974           2.172e-03             330.375           1.769e+00     
   2.000         180.000            2.708e-03           5.355e-04             286.635           2.172e-03             330.348           3.333e+00     
   1.000         180.000            3.364e-03           1.193e-03             320.996           2.172e-03             330.332           1.281e+01     

