        Frequency / GHz                S1,1/abs,dB
----------------------------------------------------------------------
                       0                   -0.0001553172
                   0.003                  -0.00026342977
            0.0060000001                  -0.00057633508
            0.0089999996                   -0.0010513444
                   0.012                   -0.0016261194
                   0.015                   -0.0022234181
             0.017999999                   -0.0027671897
                   0.021                   -0.0031831851
                   0.024                   -0.0034188543
             0.027000001                   -0.0034421946
             0.029999999                   -0.0032516736
                   0.033                   -0.0028723633
             0.035999998                   -0.0023527347
             0.039000001                   -0.0017605115
             0.041999999                    -0.001170772
             0.045000002                   -0.0006560453
                   0.048                  -0.00027884953
             0.050999999                  -7.9858166e-05
             0.054000001                  -7.4603828e-05
                   0.057                  -0.00025097537
             0.059999999                  -0.00057427241
             0.063000001                   -0.0009874936
                   0.066                   -0.0014219655
             0.068999998                   -0.0018087082
             0.071999997                   -0.0020858777
             0.075000003                   -0.0022101025
             0.078000002                   -0.0021589485
                   0.081                    -0.001938271
             0.083999999                   -0.0015820206
             0.086999997                   -0.0011438873
             0.090000004                  -0.00069355812
             0.093000002                  -0.00030814286
             0.096000001                  -5.7572736e-05
             0.098999999                  -8.5717059e-08
                   0.102                  -0.00017093214
                   0.105                   -0.0005795583
                   0.108                   -0.0012069793
                   0.111                    -0.002010683
                   0.114                   -0.0029270117
                   0.117                   -0.0038845804
                    0.12                   -0.0048098289
                   0.123                   -0.0056413244
                   0.126                   -0.0063343224
              0.12899999                   -0.0068709337
                   0.132                   -0.0072616637
              0.13500001                   -0.0075419321
                   0.138                    -0.007771508
                   0.141                   -0.0080230242
              0.14399999                   -0.0083749151
                   0.147                   -0.0088950921
              0.15000001                   -0.0096411627
                   0.153                    -0.010640228
                   0.156                    -0.011894757
              0.15899999                    -0.013377889
                   0.162                    -0.015032931
              0.16500001                     -0.01678843
                   0.168                    -0.018562573
                   0.171                    -0.020272671
              0.17399999                    -0.021852715
                   0.177                    -0.023254534
              0.18000001                    -0.024461784
                   0.183                    -0.025488537
                   0.186                    -0.026380289
                   0.189                    -0.027203803
                   0.192                    -0.028045004
              0.19499999                    -0.028993861
                   0.198                    -0.030134644
              0.20100001                    -0.031535599
                   0.204                    -0.033239599
                   0.207                    -0.035260921
              0.20999999                    -0.037584143
                   0.213                    -0.040167597
              0.21600001                    -0.042952728
                   0.219                    -0.045870977
                   0.222                    -0.048858054
              0.22499999                     -0.05186469
                   0.228                     -0.05486674
              0.23100001                     -0.05786836
                   0.234                    -0.060909607
                   0.237                    -0.064059823
              0.23999999                    -0.067414545
                   0.243                    -0.071082331
              0.24600001                    -0.075179078
                   0.249                    -0.079806439
                   0.252                    -0.085053006
                   0.255                     -0.09097763
              0.25799999                    -0.097606275
              0.26100001                     -0.10493692
                   0.264                     -0.11294077
              0.26699999                     -0.12157479
              0.27000001                     -0.13078829
                   0.273                     -0.14054097
              0.27599999                     -0.15081415
              0.27900001                     -0.16162305
              0.28200001                     -0.17302002
                   0.285                     -0.18509892
              0.28799999                     -0.19799307
              0.29100001                     -0.21186424
                   0.294                     -0.22689621
              0.29699999                     -0.24327722
              0.30000001                     -0.26118868
                   0.303                     -0.28079041
              0.30599999                     -0.30221605
              0.30899999                     -0.32556528
              0.31200001                     -0.35090731
                   0.315                     -0.37828581
              0.31799999                      -0.4077364
              0.32100001                     -0.43929491
                   0.324                      -0.4730187
              0.32699999                     -0.50900572
              0.33000001                     -0.54740523
                   0.333                     -0.58842662
                   0.336                     -0.63234956
              0.33899999                      -0.6795145
              0.34200001                     -0.73032165
                   0.345                     -0.78521282
              0.34799999                     -0.84465982
              0.35100001                     -0.90914451
                   0.354                     -0.97914647
              0.35699999                      -1.0551325
              0.36000001                      -1.1375522
              0.36300001                      -1.2268417
                   0.366                      -1.3234398
              0.36899999                      -1.4278022
              0.37200001                      -1.5404355
                   0.375                      -1.6619249
              0.37799999                       -1.792975
              0.38100001                      -1.9344403
                   0.384                      -2.0873611
              0.38699999                      -2.2529853
              0.38999999                      -2.4327959
              0.39300001                      -2.6285112
                   0.396                       -2.842101
              0.39899999                       -3.075775
              0.40200001                      -3.3319872
                   0.405                      -3.6134281
              0.40799999                      -3.9230342
              0.41100001                      -4.2639956
                   0.414                      -4.6397953
                   0.417                      -5.0542644
              0.41999999                       -5.511667
              0.42300001                      -6.0168444
                   0.426                      -6.5754026
              0.42899999                      -7.1940099
              0.43200001                      -7.8808082
                   0.435                      -8.6460274
              0.43799999                      -9.5029094
              0.44100001                      -10.469144
              0.44400001                      -11.569191
                   0.447                      -12.838262
              0.44999999                       -14.32956
              0.45300001                      -16.128673
                   0.456                      -18.385469
              0.45899999                      -21.395827
              0.46200001                      -25.848666
                   0.465                      -33.033763
              0.46799999                      -30.633163
              0.47099999                      -24.429571
              0.47400001                      -20.651152
                   0.477                      -18.031419
              0.47999999                      -16.049588
              0.48300001                      -14.469457
                   0.486                      -13.166156
              0.48899999                      -12.066087
              0.49200001                      -11.122305
                   0.495                      -10.302995
                   0.498                      -9.5855016
              0.50099999                      -8.9529957
              0.50400001                       -8.392503
              0.50700003                      -7.8936726
              0.50999999                      -7.4480037
              0.51300001                      -7.0483309
              0.51599997                      -6.6885027
              0.51899999                      -6.3631637
              0.52200001                      -6.0676289
              0.52499998                      -5.7978067
                   0.528                      -5.5501539
              0.53100002                      -5.3216515
              0.53399998                      -5.1097823
                   0.537                      -4.9125074
              0.54000002                      -4.7282266
              0.54299998                      -4.5557289
                   0.546                      -4.3941252
              0.54900002                      -4.2427776
              0.55199999                      -4.1012119
              0.55500001                      -3.9690415
              0.55800003                      -3.8458984
              0.56099999                      -3.7313721
              0.56400001                       -3.624969
              0.56699997                      -3.5260956
              0.56999999                      -3.4340575
              0.57300001                      -3.3480808
              0.57599998                      -3.2673451
                   0.579                      -3.1910327
              0.58200002                       -3.118381
              0.58499998                      -3.0487301
                   0.588                      -2.9815589
              0.59100002                      -2.9165191
              0.59399998                      -2.8534356
                   0.597                      -2.7922934
              0.60000002                      -2.7332171
              0.60299999                      -2.6764139
              0.60600001                      -2.6221278
              0.60900003                        -2.57059
              0.61199999                      -2.5219583
              0.61500001                      -2.4762944
              0.61799997                       -2.433527
              0.62099999                      -2.3934541
              0.62400001                      -2.3557566
              0.62699997                      -2.3200252
                    0.63                      -2.2858028
              0.63300002                      -2.2526355
              0.63599998                      -2.2201167
                   0.639                      -2.1879409
              0.64200002                       -2.155928
              0.64499998                      -2.1240438
                   0.648                      -2.0923956
              0.65100002                      -2.0612086
              0.65399998                      -2.0307969
              0.65700001                      -2.0015084
              0.66000003                      -1.9736782
              0.66299999                       -1.947576
              0.66600001                       -1.923372
              0.66900003                       -1.901102
              0.67199999                      -1.8806646
              0.67500001                      -1.8618269
              0.67799997                      -1.8442511
              0.68099999                      -1.8275353
              0.68400002                       -1.811262
              0.68699998                      -1.7950512
                    0.69                      -1.7786102
              0.69300002                      -1.7617683
              0.69599998                      -1.7445022
                   0.699                      -1.7269336
              0.70200002                      -1.7093169
              0.70499998                      -1.6920012
                   0.708                      -1.6753817
              0.71100003                      -1.6598465
              0.71399999                      -1.6457199
              0.71700001                      -1.6332233
              0.72000003                      -1.6224334
              0.72299999                       -1.613274
              0.72600001                      -1.6055235
              0.72899997                      -1.5988308
              0.73199999                       -1.592767
              0.73500001                       -1.586875
              0.73799998                      -1.5807287
                   0.741                      -1.5739923
              0.74400002                      -1.5664623
              0.74699998                      -1.5581022
                    0.75                      -1.5490426
              0.75300002                      -1.5395723
              0.75599998                      -1.5300991
                   0.759                      -1.5210905
              0.76200002                      -1.5130165
              0.76499999                      -1.5062864
              0.76800001                      -1.5011878
              0.77100003                       -1.497845
              0.77399999                      -1.4961996
              0.77700001                      -1.4960118
              0.77999997                      -1.4968862
              0.78299999                      -1.4983178
              0.78600001                      -1.4997586
              0.78899997                      -1.5006892
                   0.792                       -1.500688
              0.79500002                       -1.499499
              0.79799998                      -1.4970643
                   0.801                      -1.4935463
              0.80400002                      -1.4893101
              0.80699998                      -1.4848786
                    0.81                      -1.4808705
              0.81300002                      -1.4779191
              0.81599998                       -1.476588
              0.81900001                       -1.477296
              0.82200003                      -1.4802571
              0.82499999                      -1.4854484
              0.82800001                      -1.4925997
              0.83099997                      -1.5012279
              0.83399999                      -1.5106915
              0.83700001                      -1.5202757
              0.83999997                      -1.5292883
              0.84299999                      -1.5371628
              0.84600002                      -1.5435536
              0.84899998                       -1.548396
                   0.852                      -1.5519454
              0.85500002                       -1.554758
              0.85799998                      -1.5576495
                   0.861                      -1.5615971
              0.86400002                      -1.5676349
              0.86699998                      -1.5767253
                    0.87                      -1.5896495
              0.87300003                      -1.6068983
              0.87599999                      -1.6286264
              0.87900001                      -1.6546135
              0.88200003                      -1.6843065
              0.88499999                      -1.7168912
              0.88800001                      -1.7514247
              0.89099997                      -1.7869981
              0.89399999                      -1.8229273
              0.89700001                      -1.8589334
              0.89999998                      -1.8953082
                   0.903                      -1.9330177
              0.90600002                      -1.9737345
              0.90899998                      -2.0197986
                   0.912                      -2.0740929
              0.91500002                      -2.1398645
              0.91799998                      -2.2204821
                   0.921                      -2.3191803
              0.92400002                      -2.4387751
              0.92699999                      -2.5813622
              0.93000001                      -2.7480002
              0.93300003                      -2.9383671
              0.93599999                      -3.1503876
              0.93900001                      -3.3798483
              0.94199997                      -3.6200366
              0.94499999                      -3.8615186
              0.94800001                       -4.092199
              0.95099998                      -4.2978866
                   0.954                      -4.4635588
              0.95700002                      -4.5753317
              0.95999998                      -4.6228351
                   0.963                      -4.6013199
              0.96600002                      -4.5127173
              0.96899998                      -4.3652037
                   0.972                      -4.1714652
              0.97500002                      -3.9463417
              0.97799999                      -3.7046183
              0.98100001                      -3.4594435
              0.98400003                      -3.2214778
              0.98699999                       -2.998642
              0.99000001                      -2.7962384
              0.99299997                      -2.6172726
              0.99599999                      -2.4628208
              0.99900001                      -2.3324223
                   1.002                      -2.2244168
                   1.005                      -2.1362812
                   1.008                      -2.0649207
                   1.011                      -2.0069616
               1.0140001                      -1.9590192
                   1.017                      -1.9179497
                    1.02                      -1.8810571
                   1.023                      -1.8462569
                   1.026                      -1.8121624
                   1.029                      -1.7780958
               1.0319999                        -1.74402
                   1.035                      -1.7104058
                   1.038                      -1.6780624
                   1.041                      -1.6479455
                   1.044                      -1.6209764
               1.0470001                      -1.5978879
                    1.05                      -1.5791178
                   1.053                      -1.5647469
                   1.056                      -1.5544926
                   1.059                      -1.5477472
                   1.062                      -1.5436518
               1.0650001                      -1.5412076
                   1.068                      -1.5393909
                   1.071                      -1.5372769
                   1.074                      -1.5341418
                   1.077                      -1.5295388
                    1.08                      -1.5233376
               1.0829999                      -1.5157129
                   1.086                      -1.5071058
                   1.089                       -1.498143
                   1.092                      -1.4895423
                   1.095                      -1.4820126
                   1.098                       -1.476157
                   1.101                      -1.4723987
                   1.104                      -1.4709348
                   1.107                      -1.4717186
                    1.11                      -1.4744737
                   1.113                      -1.4787346
               1.1160001                       -1.483912
                   1.119                      -1.4893764
                   1.122                      -1.4945299
                   1.125                      -1.4988913
                   1.128                      -1.5021485
                   1.131                      -1.5041987
               1.1339999                      -1.5051503
                   1.137                      -1.5053043
                    1.14                      -1.5051035
                   1.143                      -1.5050777
                   1.146                      -1.5057649
                   1.149                      -1.5076437
                   1.152                      -1.5110749
                   1.155                      -1.5162593
                   1.158                      -1.5232177
                   1.161                      -1.5317918
                   1.164                      -1.5416729
               1.1670001                      -1.5524411
                    1.17                       -1.563626
                   1.173                      -1.5747706
                   1.176                      -1.5854845
                   1.179                      -1.5954992
                   1.182                      -1.6047005
               1.1849999                      -1.6131395
                   1.188                      -1.6210246
                   1.191                      -1.6286885
                   1.194                      -1.6365466
                   1.197                      -1.6450388
                     1.2                      -1.6545766
               1.2029999                       -1.665491
                   1.206                       -1.677992
                   1.209                      -1.6921486
                   1.212                      -1.7078847
                   1.215                      -1.7249916
               1.2180001                      -1.7431626
                   1.221                      -1.7620302
                   1.224                      -1.7812241
                   1.227                      -1.8004168
                    1.23                      -1.8193672
                   1.233                      -1.8379607
               1.2359999                      -1.8562157
                   1.239                      -1.8742913
                   1.242                      -1.8924637
                   1.245                      -1.9110927
                   1.248                      -1.9305789
                   1.251                      -1.9513192
               1.2539999                      -1.9736574
                   1.257                      -1.9978514
                    1.26                      -2.0240451
                   1.263                      -2.0522626
                   1.266                      -2.0824086
               1.2690001                      -2.1142953
                   1.272                      -2.1476734
                   1.275                      -2.1822712
                   1.278                      -2.2178455
                   1.281                      -2.2542174
                   1.284                      -2.2913076
               1.2869999                      -2.3291569
                    1.29                      -2.3679351
                   1.293                       -2.407933
                   1.296                      -2.4495362
                   1.299                      -2.4931927
                   1.302                       -2.539377
               1.3049999                      -2.5885467
                   1.308                      -2.6411086
                   1.311                      -2.6973888
                   1.314                      -2.7576241
                   1.317                      -2.8219536
               1.3200001                      -2.8904332
                   1.323                      -2.9630641
                   1.326                      -3.0398183
                   1.329                      -3.1206864
                   1.332                      -3.2057146
                   1.335                      -3.2950396
               1.3380001                      -3.3889217
                   1.341                      -3.4877596
                   1.344                      -3.5920987
                   1.347                      -3.7026182
                    1.35                      -3.8201204
                   1.353                      -3.9454994
               1.3559999                      -4.0797087
                   1.359                       -4.223743
                   1.362                      -4.3786013
                   1.365                      -4.5452811
                   1.368                      -4.7247743
               1.3710001                      -4.9180779
                   1.374                      -5.1262184
                   1.377                      -5.3502972
                    1.38                      -5.5915403
                   1.383                      -5.8513609
                   1.386                      -6.1314377
               1.3890001                      -6.4337844
                   1.392                      -6.7608394
                   1.395                      -7.1155499
                   1.398                      -7.5014699
                   1.401                      -7.9228658
                   1.404                      -8.3848462
               1.4069999                      -8.8935307
                    1.41                      -9.4562737
                   1.413                      -10.081985
                   1.416                      -10.781592
                   1.419                      -11.568677
               1.4220001                      -12.460457
                   1.425                      -13.479129
                   1.428                      -14.653742
                   1.431                      -16.022319
                   1.434                       -17.63237
                   1.437                      -19.530405
               1.4400001                       -21.69797
                   1.443                      -23.783742
                   1.446                      -24.628696
                   1.449                      -23.411755
                   1.452                      -21.241559
                   1.455                       -19.11084
               1.4579999                       -17.26437
                   1.461                      -15.695826
                   1.464                      -14.356013
                   1.467                      -13.199039
                    1.47                      -12.188972
                   1.473                      -11.298645
                   1.476                      -10.507514
                   1.479                      -9.7998611
                   1.482                      -9.1634727
                   1.485                      -8.5887117
                   1.488                      -8.0678382
               1.4910001                      -7.5945313
                   1.494                      -7.1635362
                   1.497                      -6.7704023
                     1.5                      -6.4112885
                   1.503                      -6.0828257
                   1.506                      -5.7820081
               1.5089999                      -5.5061177
                   1.512                      -5.2526871
                   1.515                      -5.0194548
                   1.518                      -4.8043606
                   1.521                      -4.6055342
                   1.524                      -4.4213014
                   1.527                      -4.2501785
                    1.53                      -4.0908813
                   1.533                      -3.9423164
                   1.536                      -3.8035749
                   1.539                      -3.6739136
               1.5420001                      -3.5527337
                   1.545                       -3.439547
                   1.548                      -3.3339527
                   1.551                      -3.2355968
                   1.554                      -3.1441437
                   1.557                      -3.0592505
               1.5599999                      -2.9805491
                   1.563                      -2.9076332
                   1.566                      -2.8400567
                   1.569                      -2.7773447
                   1.572                      -2.7190016
                   1.575                      -2.6645394
               1.5779999                      -2.6134897
                   1.581                      -2.5654388
                   1.584                      -2.5200365
                   1.587                      -2.4770206
                    1.59                      -2.4362105
               1.5930001                      -2.3975148
                   1.596                      -2.3609199
                   1.599                      -2.3264631
                   1.602                      -2.2942182
                   1.605                      -2.2642646
                   1.608                      -2.2366681
               1.6109999                      -2.2114482
                   1.614                      -2.1885748
                   1.617                      -2.1679539
                    1.62                      -2.1494276
                   1.623                      -2.1327869
                   1.626                      -2.1177838
               1.6289999                      -2.1041564
                   1.632                      -2.0916511
                   1.635                      -2.0800474
                   1.638                      -2.0691757
                   1.641                      -2.0589362
               1.6440001                      -2.0493005
                   1.647                      -2.0403169
                    1.65                      -2.0320926
                   1.653                      -2.0247797
                   1.656                      -2.0185522
                   1.659                      -2.0135839
               1.6619999                       -2.010019
                   1.665                      -2.0079591
                   1.668                      -2.0074399
                   1.671                      -2.0084366
                   1.674                      -2.0108541
                   1.677                      -2.0145471
               1.6799999                      -2.0193299
                   1.683                      -2.0250023
                   1.686                      -2.0313762
                   1.689                      -2.0382959
                   1.692                        -2.04566
               1.6950001                      -2.0534354
                   1.698                      -2.0616667
                   1.701                       -2.070469
                   1.704                      -2.0800254
                   1.707                       -2.090561
                    1.71                      -2.1023226
               1.7130001                      -2.1155608
                   1.716                      -2.1304951
                   1.719                      -2.1473003
                   1.722                      -2.1660948
                   1.725                      -2.1869271
                   1.728                       -2.209785
               1.7309999                       -2.234603
                   1.734                       -2.261282
                   1.737                       -2.289713
                    1.74                      -2.3198089
                   1.743                      -2.3515229
               1.7460001                      -2.3848806
                   1.749                      -2.4199967
                   1.752                      -2.4570844
                   1.755                      -2.4964618
                   1.758                       -2.538541
                   1.761                      -2.5838133
               1.7640001                      -2.6328325
                   1.767                      -2.6861857
                    1.77                       -2.744477
                   1.773                      -2.8082983
                   1.776                      -2.8782243
                   1.779                      -2.9547977
               1.7819999                      -3.0385412
                   1.785                      -3.1299755
                   1.788                      -3.2296339
                   1.791                      -3.3381184
                   1.794                      -3.4561344
               1.7970001                      -3.5845486
                     1.8                      -3.7244429
                   1.803                      -3.8771763
                   1.806                      -4.0444382
                   1.809                      -4.2282989
                   1.812                      -4.4312607
               1.8150001                      -4.6563051
                   1.818                      -4.9069356
                   1.821                       -5.187238
                   1.824                      -5.5019493
                   1.827                      -5.8565501
                    1.83                      -6.2574066
               1.8329999                      -6.7119746
                   1.836                      -7.2290913
                   1.839                      -7.8194175
                   1.842                      -8.4960782
                   1.845                       -9.275642
                   1.848                       -10.17961
                   1.851                      -11.236733
                   1.854                      -12.486672
                   1.857                      -13.985623
                    1.86                      -15.813688
                   1.863                      -18.074967
               1.8660001                      -20.817711
                   1.869                      -23.447926
                   1.872                      -23.588973
                   1.875                      -21.057633
                   1.878                      -18.298393
                   1.881                      -16.012716
               1.8839999                      -14.168347
                   1.887                      -12.660439
                    1.89                      -11.406789
                   1.893                      -10.349597
                   1.896                      -9.4480866
                   1.899                      -8.6727125
                   1.902                      -8.0013782
                   1.905                      -7.4170365
                   1.908                      -6.9061597
                   1.911                      -6.4577458
                   1.914                      -6.0626619
               1.9170001                      -5.7132098
                    1.92                      -5.4028393
                   1.923                      -5.1259504
                   1.926                      -4.8777614
                   1.929                      -4.6542189
                   1.932                      -4.4519239
               1.9349999                      -4.2680677
                   1.938                      -4.1003739
                   1.941                      -3.9470231
                   1.944                      -3.8065937
                   1.947                      -3.6779702
                    1.95                      -3.5602736
               1.9529999                      -3.4527851
                   1.956                      -3.3548707
                   1.959                      -3.2659326
                   1.962                      -3.1853564
                   1.965                      -3.1124898
               1.9680001                      -3.0466285
                   1.971                      -2.9870235
                   1.974                      -2.9329002
                   1.977                      -2.8834847
                    1.98                      -2.8380397
                   1.983                      -2.7959049
               1.9859999                      -2.7565256
                   1.989                      -2.7194737
                   1.992                      -2.6844642
                   1.995                      -2.6513511
                   1.998                       -2.620113
               2.0009999                      -2.5908234
               2.0039999                      -2.5636175
                   2.007                      -2.5386511
                    2.01                      -2.5160606
                   2.013                      -2.4959307
                   2.016                      -2.4782667
               2.0190001                      -2.4629787
               2.0220001                       -2.449883
               2.0250001                      -2.4387112
               2.0280001                      -2.4291354
               2.0309999                      -2.4207965
               2.0339999                      -2.4133359
               2.0369999                      -2.4064385
                    2.04                      -2.3998574
                   2.043                      -2.3934399
                   2.046                      -2.3871374
                   2.049                      -2.3810024
                   2.052                      -2.3751791
               2.0550001                      -2.3698725
               2.0580001                      -2.3653241
               2.0610001                      -2.3617711
               2.0639999                      -2.3594137
               2.0669999                      -2.3583891
               2.0699999                      -2.3587477
                   2.073                      -2.3604465
                   2.076                       -2.363353
                   2.079                      -2.3672562
                   2.082                      -2.3718975
                   2.085                      -2.3769935
               2.0880001                      -2.3822738
               2.0910001                      -2.3875199
               2.0940001                      -2.3925778
               2.0969999                      -2.3973908
               2.0999999                      -2.4019924
               2.1029999                      -2.4065115
               2.1059999                       -2.411147
                   2.109                      -2.4161438
                   2.112                      -2.4217637
                   2.115                      -2.4282458
                   2.118                      -2.4357784
               2.1210001                      -2.4444773
               2.1240001                      -2.4543703
               2.1270001                      -2.4653903
               2.1300001                      -2.4773882
               2.1329999                      -2.4901525
               2.1359999                      -2.5034324
               2.1389999                      -2.5169769
                   2.142                      -2.5305577
                   2.145                      -2.5440111
                   2.148                      -2.5572503
                   2.151                      -2.5702839
                   2.154                      -2.5832099
               2.1570001                      -2.5962106
               2.1600001                      -2.6095248
               2.1630001                      -2.6234189
               2.1659999                       -2.638157
               2.1689999                      -2.6539629
               2.1719999                      -2.6710011
                   2.175                      -2.6893474
                   2.178                      -2.7089881
                   2.181                      -2.7298196
                   2.184                      -2.7516641
                   2.187                      -2.7742952
               2.1900001                      -2.7974663
               2.1930001                      -2.8209435
               2.1960001                      -2.8445435
               2.1989999                      -2.8681542
               2.2019999                      -2.8917516
               2.2049999                      -2.9154121
               2.2079999                      -2.9392975
                   2.211                      -2.9636428
                   2.214                      -2.9887261
                   2.217                      -3.0148384
                    2.22                      -3.0422445
                   2.223                      -3.0711558
               2.2260001                      -3.1017081
               2.2290001                      -3.1339423
               2.2320001                      -3.1678062
               2.2349999                      -3.2031643
               2.2379999                      -3.2398171
               2.2409999                      -3.2775297
                   2.244                      -3.3160719
                   2.247                      -3.3552435
                    2.25                      -3.3949147
                   2.253                      -3.4350442
                   2.256                      -3.4756905
               2.2590001                      -3.5170158
               2.2620001                      -3.5592651
               2.2650001                      -3.6027489
               2.2679999                      -3.6478045
               2.2709999                      -3.6947632
               2.2739999                      -3.7439143
                   2.277                      -3.7954751
                    2.28                      -3.8495713
                   2.283                      -3.9062312
                   2.286                      -3.9653801
                   2.289                      -4.0268698
               2.2920001                      -4.0904973
               2.2950001                       -4.156045
               2.2980001                      -4.2233176
               2.3010001                      -4.2921743
               2.3039999                      -4.3625696
               2.3069999                      -4.4345649
               2.3099999                      -4.5083313
                   2.313                       -4.584153
                   2.316                      -4.6623923
                   2.319                      -4.7434655
                   2.322                      -4.8277987
                   2.325                      -4.9157841
               2.3280001                      -5.0077443
               2.3310001                      -5.1038961
               2.3340001                      -5.2043336
               2.3369999                      -5.3090233
               2.3399999                      -5.4178079
               2.3429999                      -5.5304366
                   2.346                      -5.6465893
                   2.349                       -5.765929
                   2.352                      -5.8881328
                   2.355                      -6.0129359
                   2.358                        -6.14016
               2.3610001                      -6.2697185
               2.3640001                       -6.401609
               2.3670001                      -6.5358863
               2.3699999                      -6.6726085
               2.3729999                      -6.8117767
               2.3759999                      -6.9532588
               2.3789999                       -7.096714
                   2.382                      -7.2415254
                   2.385                      -7.3867407
                   2.388                      -7.5310444
                   2.391                      -7.6727541
               2.3940001                      -7.8098487
               2.3970001                      -7.9400356
               2.4000001                      -8.0608514
               2.4030001                      -8.1697824
               2.4059999                      -8.2644016
               2.4089999                      -8.3425094
               2.4119999                      -8.4022423
                   2.415                      -8.4421618
                   2.418                      -8.4612996
                   2.421                      -8.4591549
                   2.424                      -8.4356625
                   2.427                      -8.3911497
               2.4300001                      -8.3262698
               2.4330001                      -8.2419573
               2.4360001                      -8.1393949
               2.4389999                      -8.0199909
               2.4419999                      -7.8853794
               2.4449999                      -7.7374095
                   2.448                      -7.5781369
                   2.451                      -7.4097907
                   2.454                      -7.2347394
                   2.457                       -7.055417
                    2.46                      -6.8742567
               2.4630001                      -6.6936085
               2.4660001                      -6.5156665
               2.4690001                      -6.3423986
               2.4719999                      -6.1755021
               2.4749999                      -6.0163683
               2.4779999                      -5.8660737
               2.4809999                      -5.7253811
                   2.484                      -5.5947749
                   2.487                      -5.4744815
                    2.49                      -5.3645319
                   2.493                      -5.2648038
               2.4960001                      -5.1750868
               2.4990001                      -5.0951322
               2.5020001                       -5.024699
               2.5050001                      -4.9636003
               2.5079999                      -4.9117208
               2.5109999                      -4.8690415
               2.5139999                      -4.8356352
                   2.517                      -4.8116551
                    2.52                      -4.7973159
                   2.523                      -4.7928656
                   2.526                      -4.7985565
                   2.529                      -4.8146115
               2.5320001                      -4.8412058
               2.5350001                      -4.8784471
               2.5380001                      -4.9263642
               2.5409999                      -4.9849194
               2.5439999                      -5.0540187
               2.5469999                      -5.1335352
                    2.55                      -5.2233388
                   2.553                      -5.3233482
                   2.556                      -5.4335515
                   2.559                      -5.5540616
                   2.562                      -5.6851309
               2.5650001                      -5.8271821
               2.5680001                      -5.9808195
               2.5710001                      -6.1468222
               2.5739999                      -6.3261326
               2.5769999                      -6.5198362
               2.5799999                      -6.7291295
               2.5829999                      -6.9552936
                   2.586                      -7.1996615
                   2.589                      -7.4635991
                   2.592                      -7.7484937
                   2.595                      -8.0557566
                   2.598                      -8.3868467
               2.6010001                      -8.7433038
               2.6040001                      -9.1268098
               2.6070001                      -9.5392671
               2.6099999                      -9.9828953
               2.6129999                      -10.460347
               2.6159999                      -10.974836
                   2.619                      -11.530278
                   2.622                      -12.131423
                   2.625                      -12.783981
                   2.628                      -13.494692
                   2.631                      -14.271264
               2.6340001                       -15.12201
               2.6370001                      -16.054814
               2.6400001                      -17.074541
               2.6429999                      -18.177099
               2.6459999                      -19.336569
               2.6489999                      -20.480634
                   2.652                      -21.457181
                   2.655                      -22.032859
                   2.658                       -22.00719
                   2.661                      -21.391044
                   2.664                      -20.395503
               2.6670001                      -19.249541
               2.6700001                      -18.097574
               2.6730001                       -17.00675
               2.6760001                      -16.000366
               2.6789999                      -15.081302
               2.6819999                      -14.244117
               2.6849999                      -13.480608
                   2.688                      -12.782213
                   2.691                      -12.140999
                   2.694                      -11.550001
                   2.697                      -11.003292
                     2.7                      -10.495927
               2.7030001                      -10.023834
               2.7060001                      -9.5836899
               2.7090001                      -9.1727848
               2.7119999                      -8.7888889
               2.7149999                      -8.4301269
               2.7179999                       -8.094878
                   2.721                      -7.7816715
                   2.724                      -7.4891165
                   2.727                      -7.2158478
                    2.73                      -6.9604942
                   2.733                      -6.7216649
               2.7360001                      -6.4979558
               2.7390001                      -6.2879684
               2.7420001                      -6.0903505
               2.7449999                      -5.9038238
               2.7479999                      -5.7272342
               2.7509999                      -5.5595777
               2.7539999                      -5.4000359
                   2.757                      -5.2479757
                    2.76                      -5.1029555
                   2.763                      -4.9646959
                   2.766                      -4.8330572
               2.7690001                      -4.7079852
               2.7720001                      -4.5894666
               2.7750001                      -4.4774797
               2.7780001                      -4.3719525
               2.7809999                      -4.2727275
               2.7839999                      -4.1795418
               2.7869999                      -4.0920246
                    2.79                      -4.0097038
                   2.793                      -3.9320358
                   2.796                      -3.8584349
                   2.799                       -3.788322
                   2.802                      -3.7211627
               2.8050001                      -3.6565116
               2.8080001                      -3.5940428
               2.8110001                      -3.5335628
               2.8139999                      -3.4750211
               2.8169999                      -3.4184866
               2.8199999                      -3.3641287
                   2.823                      -3.3121698
                   2.826                      -3.2628469
                   2.829                      -3.2163632
                   2.832                      -3.1728506
                   2.835                      -3.1323381
               2.8380001                       -3.094735
               2.8410001                      -3.0598353
               2.8440001                      -3.0273227
               2.8469999                      -2.9968089
               2.8499999                      -2.9678646
               2.8529999                      -2.9400661
               2.8559999                      -2.9130436
                   2.859                       -2.886512
                   2.862                      -2.8603087
                   2.865                         -2.8344
                   2.868                      -2.8088824
               2.8710001                      -2.7839597
               2.8740001                      -2.7599155
               2.8770001                      -2.7370646
               2.8800001                      -2.7157102
               2.8829999                      -2.6961022
               2.8859999                      -2.6783948
               2.8889999                      -2.6626246
                   2.892                      -2.6487015
                   2.895                      -2.6364135
                   2.898                      -2.6254523
                   2.901                       -2.615442
                   2.904                      -2.6059879
               2.9070001                      -2.5967245
               2.9100001                      -2.5873567
               2.9130001                      -2.5776956
               2.9159999                       -2.567685
               2.9189999                      -2.5573998
               2.9219999                      -2.5470426
                   2.925                      -2.5369063
                   2.928                      -2.5273429
                   2.931                      -2.5187065
                   2.934                      -2.5113145
                   2.937                      -2.5053983
               2.9400001                      -2.5010711
               2.9430001                      -2.4983191
               2.9460001                      -2.4969923
               2.9489999                      -2.4968237
               2.9519999                      -2.4974631
               2.9549999                        -2.49852
               2.9579999                      -2.4996116
                   2.961                      -2.5004139
                   2.964                      -2.5007006
                   2.967                       -2.500376
                    2.97                      -2.4994864
                   2.973                      -2.4982151
               2.9760001                      -2.4968578
               2.9790001                      -2.4957816
               2.9820001                      -2.4953805
               2.9849999                      -2.4960182
               2.9879999                       -2.497987
               2.9909999                      -2.5014632
                   2.994                      -2.5064843
                   2.997                      -2.5129468
                       3                      -2.5206087

